0 100 200 150 60 70 71 76 89 67 45 320 450 210 113
100 0 180 220 360 334 210 222 345 32 34 78 99 331 76
200 130 0 110 80 23 34 55 333 234 532 332 23 22 45
120 180 400 0 110 245 54 45 65 123 322 146 440 230 130
80 90 240 300 0 238 123 331 23 44 231 33 318 223 228
70 60 324 221 232 0 128 32 239 112 323 23 111 223 457
81 232 34 55 230 43 0 167 380 45 123 322 345 332 234
34 129 47 342 221 23 45 0 321 134 129 123 34 330 239
46 90 87 78 67 566 34 234 0 22 18 124 332 234 432
67 80 89 97 77 127 349 329 137 0 290 124 65 236 160
88 459 28 48 67 97 433 210 36 58 0 478 328 378 278
46 378 458 37 490 97 190 76 380 89 97 0 239 267 178
238 37 87 89 67 127 320 219 356 128 78 86 0 136 231
130 239 43 78 98 378 33 78 329 182 187 82 78 0 379
221 23 34 50 80 89 330 230 49 89 190 209 40 380 0